
r = [
  1, 10;  %RB
 11, 20;  %RI
 21, 30;  %RA
 31, 40;  %RT
 71, 80;  %RQ
 81, 90;  %RO
 91,100;  %RF
101,110;  %LB
111,120;  %LI
];
